camera_matrix:
- - 1156.909683037052
  - 0.0
  - 665.9562383133206
- - 0.0
  - 1152.1106143624093
  - 388.7342532916233
- - 0.0
  - 0.0
  - 1.0
dist_coeffs:
- - -0.23786218754122918
  - -0.0839706746733253
  - -0.00078346431849108
  - -0.00011576864138158662
  - 0.10345270347662695
