camera_matrix:
- - 932.5476778630392
  - 0.0
  - 636.7718672733582
- - 0.0
  - 933.7347004326298
  - 370.40606895132555
- - 0.0
  - 0.0
  - 1.0
dist_coeffs:
- - -0.3687507391311565
  - 0.06268235696008306
  - 0.00013714345874259255
  - -2.4581620316132045e-05
  - 0.03784549247294479
