camera_matrix:
- - 932.4293033487745
  - 0.0
  - 636.8132045773351
- - 0.0
  - 933.6073919238662
  - 370.4738833169288
- - 0.0
  - 0.0
  - 1.0
dist_coeffs:
- - -0.36926746790063947
  - 0.06399608446587521
  - 0.00012790959233661506
  - -1.6900051117633073e-05
  - 0.036955715942903936
